0.000000000000000000e+00 5.292157037902991412e-01 2.999999999999999889e-01
1.000000000000000000e+00 9.615181473180635097e-01 2.999999999999999889e-01
2.000000000000000000e+00 1.202918822057403414e+00 2.999999999999999889e-01
3.000000000000000000e+00 8.133879678203045360e-01 2.999999999999999889e-01
4.000000000000000000e+00 -1.965350982629380239e-01 2.999999999999999889e-01
5.000000000000000000e+00 -1.252107638626061670e+00 2.999999999999999889e-01
6.000000000000000000e+00 5.611027058750939212e-03 2.999999999999999889e-01
7.000000000000000000e+00 6.115794362294797448e-01 2.999999999999999889e-01
8.000000000000000000e+00 9.583925910853143826e-01 2.999999999999999889e-01
9.000000000000000000e+00 5.352980358232682923e-01 2.999999999999999889e-01
1.000000000000000000e+01 -5.008080395411064201e-01 2.999999999999999889e-01
1.100000000000000000e+01 -5.637081544618109952e-01 2.999999999999999889e-01
1.200000000000000000e+01 -3.082616004563369372e-01 2.999999999999999889e-01
1.300000000000000000e+01 4.566695417744894292e-01 2.999999999999999889e-01
1.400000000000000000e+01 1.123766325518497977e+00 2.999999999999999889e-01
1.500000000000000000e+01 7.503901383693968308e-01 2.999999999999999889e-01
1.600000000000000000e+01 1.603204052822165271e-01 2.999999999999999889e-01
1.700000000000000000e+01 -1.022944971009297044e+00 2.999999999999999889e-01
1.800000000000000000e+01 -6.570669362764056665e-01 2.999999999999999889e-01
1.900000000000000000e+01 -1.063515121275650788e-01 2.999999999999999889e-01
2.000000000000000000e+01 1.470483059774040369e-01 2.999999999999999889e-01
2.100000000000000000e+01 1.032741217168164249e+00 2.999999999999999889e-01
2.200000000000000000e+01 2.504795503674477897e-01 2.999999999999999889e-01
2.300000000000000000e+01 -1.068869910297103321e+00 2.999999999999999889e-01
2.400000000000000000e+01 -2.246519748103416036e-01 2.999999999999999889e-01
2.500000000000000000e+01 -5.686614524774024071e-01 2.999999999999999889e-01
2.600000000000000000e+01 7.762860056700364719e-01 2.999999999999999889e-01
2.700000000000000000e+01 9.002207733967529935e-01 2.999999999999999889e-01
2.800000000000000000e+01 7.307395526154063514e-01 2.999999999999999889e-01
2.900000000000000000e+01 -2.228262532428820220e-01 2.999999999999999889e-01
3.000000000000000000e+01 -9.415473963837869276e-01 2.999999999999999889e-01
3.100000000000000000e+01 -2.905888894424129565e-01 2.999999999999999889e-01
3.200000000000000000e+01 2.850909569526567933e-01 2.999999999999999889e-01
3.300000000000000000e+01 4.056729196400891135e-01 2.999999999999999889e-01
3.400000000000000000e+01 4.247090413221780714e-01 2.999999999999999889e-01
3.500000000000000000e+01 -3.812779787649570040e-01 2.999999999999999889e-01
3.600000000000000000e+01 -6.226916492247995816e-01 2.999999999999999889e-01
3.700000000000000000e+01 -2.828241787216761449e-01 2.999999999999999889e-01
3.800000000000000000e+01 1.801705334869996289e-01 2.999999999999999889e-01
3.900000000000000000e+01 8.731045611114871541e-01 2.999999999999999889e-01
4.000000000000000000e+01 4.305472709592210734e-01 2.999999999999999889e-01
4.100000000000000000e+01 -5.846280499584015633e-01 2.999999999999999889e-01
4.200000000000000000e+01 -1.428402605103137546e+00 2.999999999999999889e-01
4.300000000000000000e+01 -2.465421240590613960e-01 2.999999999999999889e-01
4.400000000000000000e+01 -1.351937294200824813e-01 2.999999999999999889e-01
4.500000000000000000e+01 7.194812340507625859e-01 2.999999999999999889e-01
4.600000000000000000e+01 5.259497396338312925e-01 2.999999999999999889e-01
4.700000000000000000e+01 3.568202294947969699e-01 2.999999999999999889e-01
4.800000000000000000e+01 -1.252424015591052209e+00 2.999999999999999889e-01
4.900000000000000000e+01 -1.017574736823662507e+00 2.999999999999999889e-01
5.000000000000000000e+01 -5.310148220620314330e-01 2.999999999999999889e-01
5.100000000000000000e+01 7.862999252011533269e-01 2.999999999999999889e-01
5.200000000000000000e+01 8.333860507698234166e-01 2.999999999999999889e-01
5.300000000000000000e+01 4.173549494511052949e-02 2.999999999999999889e-01
5.400000000000000000e+01 -5.672437173532127730e-01 2.999999999999999889e-01
5.500000000000000000e+01 -8.712556121994945446e-01 2.999999999999999889e-01
5.600000000000000000e+01 -5.015958353719615070e-01 2.999999999999999889e-01
5.700000000000000000e+01 5.269063245697593878e-01 2.999999999999999889e-01
5.800000000000000000e+01 8.025760199802480788e-01 2.999999999999999889e-01
5.900000000000000000e+01 5.279156573429963917e-01 2.999999999999999889e-01
6.000000000000000000e+01 -5.065487554350019961e-01 2.999999999999999889e-01
6.100000000000000000e+01 -1.073983718470555404e+00 2.999999999999999889e-01
6.200000000000000000e+01 -9.831245812625590830e-01 2.999999999999999889e-01
6.300000000000000000e+01 -3.505290803966961688e-01 2.999999999999999889e-01
6.400000000000000000e+01 9.732538808729165325e-01 2.999999999999999889e-01
6.500000000000000000e+01 7.062943986276248864e-01 2.999999999999999889e-01
6.600000000000000000e+01 -5.156106581137801514e-01 2.999999999999999889e-01
6.700000000000000000e+01 -7.166853023175900894e-01 2.999999999999999889e-01
6.800000000000000000e+01 -1.170117190004263952e+00 2.999999999999999889e-01
6.900000000000000000e+01 -9.920119504434553315e-02 2.999999999999999889e-01
7.000000000000000000e+01 9.926178502111501212e-01 2.999999999999999889e-01
7.100000000000000000e+01 9.897495264815978633e-01 2.999999999999999889e-01
7.200000000000000000e+01 5.956435681250265013e-01 2.999999999999999889e-01
7.300000000000000000e+01 -1.047219702993403390e+00 2.999999999999999889e-01
7.400000000000000000e+01 -8.644437681149826913e-01 2.999999999999999889e-01
7.500000000000000000e+01 -5.932246626915244070e-01 2.999999999999999889e-01
7.600000000000000000e+01 3.048684921436158324e-01 2.999999999999999889e-01
7.700000000000000000e+01 8.258652591514066277e-01 2.999999999999999889e-01
7.800000000000000000e+01 4.205126963493234227e-01 2.999999999999999889e-01
7.900000000000000000e+01 -4.272630660385847712e-01 2.999999999999999889e-01
8.000000000000000000e+01 -1.343433606158382254e+00 2.999999999999999889e-01
8.100000000000000000e+01 -3.596400481881977251e-01 2.999999999999999889e-01
8.200000000000000000e+01 4.529275143522231151e-01 2.999999999999999889e-01
8.300000000000000000e+01 5.074913552170182696e-01 2.999999999999999889e-01
8.400000000000000000e+01 1.179665978211972055e+00 2.999999999999999889e-01
8.500000000000000000e+01 3.926911328605877660e-01 2.999999999999999889e-01
8.600000000000000000e+01 -5.698245756561646225e-01 2.999999999999999889e-01
8.700000000000000000e+01 -8.757952873745278310e-01 2.999999999999999889e-01
8.800000000000000000e+01 -2.858274837195020623e-01 2.999999999999999889e-01
8.900000000000000000e+01 1.176404923891794185e+00 2.999999999999999889e-01
9.000000000000000000e+01 7.730435795086039175e-01 2.999999999999999889e-01
9.100000000000000000e+01 4.727210328658850713e-01 2.999999999999999889e-01
9.200000000000000000e+01 -7.169835761927465523e-01 2.999999999999999889e-01
9.300000000000000000e+01 -6.552904303248334728e-01 2.999999999999999889e-01
9.400000000000000000e+01 -1.383420663153337726e-01 2.999999999999999889e-01
9.500000000000000000e+01 8.952336651937053968e-01 2.999999999999999889e-01
9.600000000000000000e+01 9.867377516505910773e-01 2.999999999999999889e-01
9.700000000000000000e+01 9.153688871992722298e-01 2.999999999999999889e-01
9.800000000000000000e+01 -5.353082441793368673e-01 2.999999999999999889e-01
9.900000000000000000e+01 -8.786100251529431748e-01 2.999999999999999889e-01
1.000000000000000000e+02 5.857956800711749956e-02 2.999999999999999889e-01
