1.395669450620648844e+00
2.085999678048591655e+00
1.885405015678203622e+00
1.669068811320845391e+00
1.773526423915413819e+00
1.984591459136945568e+00
1.748606953682666498e+00
1.751556428167251767e+00
1.783393947378358657e+00
1.701387961075015109e+00
1.349084554109193590e+00
1.402240426095963555e+00
1.273214378737763663e+00
2.004841635425536062e+00
1.685253492134982878e+00
2.078310625744575812e+00
1.342369801463056067e+00
2.246621689319983073e+00
1.603957023116828751e+00
1.643367849096548650e+00
1.063791490056661182e+00
1.731024237213736328e+00
1.531094443718738596e+00
1.890754797536037479e+00
1.399545019051297690e+00
1.766463604472145121e+00
1.873955282138159317e+00
1.874287235848741684e+00
2.033518412618571247e+00
1.925724706342357040e+00
1.819938642338351897e+00
1.684152157405965022e+00
1.656725307926123270e+00
1.426229978672453935e+00
1.747751087187872088e+00
1.667656726884182206e+00
1.645281142919400974e+00
1.895336118472446207e+00
1.678697854978404624e+00
1.578355108707694576e+00
1.892859900799884310e+00
1.858200136883240150e+00
1.796675166155457415e+00
1.702331694456488576e+00
1.888471087489522304e+00
1.666045382337142167e+00
1.770268755279267747e+00
1.476831612405555383e+00
1.360270185593003500e+00
1.646109019251312811e+00
1.799396128137995987e+00
1.926166942112378822e+00
1.774138580877631322e+00
1.564458645403757231e+00
1.992179550256625742e+00
1.493145913614539966e+00
1.879880424062545297e+00
1.623088683185240022e+00
2.276615571521207304e+00
1.939784499082101821e+00
1.921960693895328198e+00
1.702900614088072251e+00
1.942629727484379565e+00
1.914023966667883325e+00
1.288476755777148597e+00
1.715246340752085485e+00
1.796348985093065398e+00
1.528225123102642247e+00
1.932103376604736855e+00
1.946858010310340337e+00
1.564955812599020168e+00
1.447446092217461011e+00
1.553534976579133975e+00
1.505010516388917141e+00
1.489352540835048755e+00
1.771399245158082003e+00
2.220378971279139524e+00
1.929551735106455057e+00
1.613014540966653865e+00
1.568107327291406117e+00
1.793269492196656989e+00
1.704434686840705648e+00
1.553038808004758353e+00
1.986205989230668711e+00
1.429850842538685995e+00
1.322098226752215444e+00
1.326050014250121256e+00
2.205456705647198756e+00
1.820810531648449748e+00
1.648703677994958650e+00
2.074370121334992323e+00
1.648745058296964050e+00
1.675389557482882097e+00
1.649264289784190485e+00
1.333145195077359846e+00
1.706975062834183099e+00
1.809565332967073559e+00
1.601490260712751024e+00
1.429822209234979713e+00
1.220305824757186075e+00
