4.796407397978107667e+00
-1.634776357811847447e+01
-1.618765196367550629e+01
-5.770171049000000352e+01
-6.538755233596716288e+00
-6.538755233596716288e+00
-6.538755233596716288e+00
-6.538755233596716288e+00
-6.538755233596716288e+00
-6.538755233596716288e+00
-6.538755233596716288e+00
-6.538755233596716288e+00
-6.538755233596716288e+00
-6.538755233596716288e+00
2.473949191040774487e+00
2.473949191040774487e+00
2.473949191040774487e+00
2.473949191040774487e+00
2.473949191040774487e+00
2.473949191040774487e+00
2.473949191040774487e+00
2.473949191040774487e+00
2.473949191040774487e+00
2.473949191040774487e+00
2.473949191040774487e+00
2.473949191040774487e+00
2.473949191040774487e+00
2.473949191040774487e+00
2.473949191040774487e+00
2.473949191040774487e+00
2.473949191040774487e+00
2.473949191040774487e+00
2.473949191040774487e+00
2.473949191040774487e+00
2.473949191040774487e+00
2.473949191040774487e+00
2.473949191040774487e+00
2.473949191040774487e+00
2.473949191040774487e+00
2.473949191040774487e+00
2.473949191040774487e+00
2.473949191040774487e+00
2.473949191040774487e+00
2.473949191040774487e+00
2.473949191040774487e+00
2.473949191040774487e+00
2.473949191040774487e+00
2.473949191040774487e+00
2.473949191040774487e+00
2.473949191040774487e+00
2.473949191040774487e+00
2.473949191040774487e+00
2.473949191040774487e+00
2.473949191040774487e+00
2.473949191040774487e+00
2.473949191040774487e+00
2.473949191040774487e+00
2.473949191040774487e+00
2.473949191040774487e+00
2.473949191040774487e+00
2.473949191040774487e+00
2.473949191040774487e+00
2.473949191040774487e+00
2.473949191040774487e+00
2.473949191040774487e+00
2.473949191040774487e+00
2.473949191040774487e+00
2.473949191040774487e+00
2.473949191040774487e+00
2.473949191040774487e+00
2.473949191040774487e+00
2.473949191040774487e+00
2.473949191040774487e+00
2.473949191040774487e+00
2.473949191040774487e+00
2.473949191040774487e+00
2.473949191040774487e+00
2.473949191040774487e+00
2.473949191040774487e+00
2.473949191040774487e+00
2.473949191040774487e+00
2.473949191040774487e+00
2.473949191040774487e+00
2.473949191040774487e+00
2.473949191040774487e+00
2.473949191040774487e+00
2.473949191040774487e+00
2.473949191040774487e+00
2.473949191040774487e+00
2.473949191040774487e+00
2.473949191040774487e+00
2.473949191040774487e+00
2.473949191040774487e+00
2.473949191040774487e+00
2.473949191040774487e+00
2.473949191040774487e+00
2.473949191040774487e+00
2.473949191040774487e+00
2.473949191040774487e+00
2.473949191040774487e+00
