-1.000000000000000000e+00 1.652810469193532805e+00 2.000000000000000111e-01
-9.799999999999999822e-01 1.382925025673444663e+00 2.000000000000000111e-01
-9.599999999999999645e-01 1.499376140821147896e+00 2.000000000000000111e-01
-9.399999999999999467e-01 1.750464543840291709e+00 2.000000000000000111e-01
-9.200000000000000400e-01 1.672457902029993448e+00 2.000000000000000111e-01
-9.000000000000000222e-01 1.098234424024717493e+00 2.000000000000000111e-01
-8.800000000000000044e-01 1.476614547505117780e+00 2.000000000000000111e-01
-8.599999999999999867e-01 1.247474942340460302e+00 2.000000000000000111e-01
-8.399999999999999689e-01 1.246573893641288233e+00 2.000000000000000111e-01
-8.200000000000000622e-01 1.337209124387674475e+00 2.000000000000000111e-01
-8.000000000000000444e-01 1.270248714232175224e+00 2.000000000000000111e-01
-7.800000000000000266e-01 1.517202045392594956e+00 2.000000000000000111e-01
-7.600000000000000089e-01 1.362096569029398685e+00 2.000000000000000111e-01
-7.399999999999999911e-01 1.216477227298565778e+00 2.000000000000000111e-01
-7.199999999999999734e-01 1.261956390549085372e+00 2.000000000000000111e-01
-6.999999999999999556e-01 1.219824865474853137e+00 2.000000000000000111e-01
-6.799999999999999378e-01 1.430752838631521140e+00 2.000000000000000111e-01
-6.599999999999999201e-01 1.068768811246839423e+00 2.000000000000000111e-01
-6.400000000000000133e-01 1.149369124330180236e+00 2.000000000000000111e-01
-6.199999999999999956e-01 8.920581161396552439e-01 2.000000000000000111e-01
-5.999999999999999778e-01 5.276420368331841138e-01 2.000000000000000111e-01
-5.800000000000000711e-01 1.143641623088072157e+00 2.000000000000000111e-01
-5.600000000000000533e-01 1.159871943771901170e+00 2.000000000000000111e-01
-5.400000000000000355e-01 8.120807399187115472e-01 2.000000000000000111e-01
-5.200000000000000178e-01 1.387528908797521554e+00 2.000000000000000111e-01
-5.000000000000000000e-01 6.153768650802470264e-01 2.000000000000000111e-01
-4.799999999999999822e-01 8.877536874602892647e-01 2.000000000000000111e-01
-4.599999999999999645e-01 8.132689739948329999e-01 2.000000000000000111e-01
-4.399999999999999467e-01 1.129188546871691345e+00 2.000000000000000111e-01
-4.200000000000000400e-01 1.088325657980056871e+00 2.000000000000000111e-01
-4.000000000000000222e-01 7.972294851393831872e-01 2.000000000000000111e-01
-3.800000000000000044e-01 8.136937679204346852e-01 2.000000000000000111e-01
-3.599999999999999867e-01 5.324304344739775319e-01 2.000000000000000111e-01
-3.399999999999999689e-01 2.859291703552143682e-01 2.000000000000000111e-01
-3.199999999999999512e-01 5.848505941347693637e-01 2.000000000000000111e-01
-2.999999999999999334e-01 6.583597938207957911e-01 2.000000000000000111e-01
-2.800000000000000266e-01 8.461858801455441892e-01 2.000000000000000111e-01
-2.600000000000000089e-01 8.140901937568821856e-01 2.000000000000000111e-01
-2.399999999999999911e-01 4.701516605184095643e-01 2.000000000000000111e-01
-2.199999999999999734e-01 4.617427938849327784e-01 2.000000000000000111e-01
-1.999999999999999556e-01 2.877294069865813375e-01 2.000000000000000111e-01
-1.799999999999999378e-01 1.893898365642048831e-01 2.000000000000000111e-01
-1.600000000000000311e-01 1.088756258749974948e-01 2.000000000000000111e-01
-1.400000000000000133e-01 8.178694630463579918e-01 2.000000000000000111e-01
-1.199999999999999956e-01 3.042824276496692848e-01 2.000000000000000111e-01
-9.999999999999997780e-02 2.980751396777626683e-01 2.000000000000000111e-01
-7.999999999999996003e-02 1.156512319900147578e-01 2.000000000000000111e-01
-5.999999999999994227e-02 5.033359751663819548e-01 2.000000000000000111e-01
-4.000000000000003553e-02 7.856974488409718127e-03 2.000000000000000111e-01
-2.000000000000001776e-02 2.721215279572062329e-01 2.000000000000000111e-01
0.000000000000000000e+00 1.209066877612648416e-01 2.000000000000000111e-01
2.000000000000001776e-02 3.640708835718524106e-01 2.000000000000000111e-01
4.000000000000003553e-02 1.726419164862253997e-01 2.000000000000000111e-01
6.000000000000005329e-02 2.827306717551758553e-02 2.000000000000000111e-01
8.000000000000007105e-02 2.499050583322689478e-01 2.000000000000000111e-01
1.000000000000000888e-01 3.339563741060834756e-01 2.000000000000000111e-01
1.200000000000001066e-01 2.560091084766335512e-01 2.000000000000000111e-01
1.400000000000001243e-01 2.993431635479562591e-01 2.000000000000000111e-01
1.599999999999999201e-01 1.099148452638072648e-01 2.000000000000000111e-01
1.799999999999999378e-01 1.640083908025723458e-01 2.000000000000000111e-01
1.999999999999999556e-01 1.037479104448097711e-01 2.000000000000000111e-01
2.199999999999999734e-01 1.699775116918917361e-01 2.000000000000000111e-01
2.399999999999999911e-01 8.493016759110919023e-02 2.000000000000000111e-01
2.600000000000000089e-01 -8.994469646633534987e-02 2.000000000000000111e-01
2.800000000000000266e-01 3.006881724507505793e-01 2.000000000000000111e-01
3.000000000000000444e-01 1.969338127583476483e-01 2.000000000000000111e-01
3.200000000000000622e-01 -3.440984539320890434e-02 2.000000000000000111e-01
3.400000000000000799e-01 4.008353151051549101e-01 2.000000000000000111e-01
3.600000000000000977e-01 1.458335111233516890e-01 2.000000000000000111e-01
3.800000000000001155e-01 3.591175431592278922e-01 2.000000000000000111e-01
4.000000000000001332e-01 5.184581124355075454e-01 2.000000000000000111e-01
4.199999999999999289e-01 4.248792861514820718e-01 2.000000000000000111e-01
4.399999999999999467e-01 6.559912409086601226e-01 2.000000000000000111e-01
4.599999999999999645e-01 2.128141799292693759e-01 2.000000000000000111e-01
4.799999999999999822e-01 5.746095122355097118e-01 2.000000000000000111e-01
5.000000000000000000e-01 3.942879818119373603e-01 2.000000000000000111e-01
5.200000000000000178e-01 3.969993541636237522e-01 2.000000000000000111e-01
5.400000000000000355e-01 4.981502110471169864e-01 2.000000000000000111e-01
5.600000000000000533e-01 5.972757975745256465e-01 2.000000000000000111e-01
5.800000000000000711e-01 7.194421724459493239e-01 2.000000000000000111e-01
6.000000000000000888e-01 5.268100318433288631e-01 2.000000000000000111e-01
6.200000000000001066e-01 9.946953613908376957e-01 2.000000000000000111e-01
6.400000000000001243e-01 9.654624719460923599e-01 2.000000000000000111e-01
6.600000000000001421e-01 6.260413267445557040e-01 2.000000000000000111e-01
6.799999999999999378e-01 1.295110662759120013e+00 2.000000000000000111e-01
6.999999999999999556e-01 1.444067835206116257e+00 2.000000000000000111e-01
7.199999999999999734e-01 1.371384458231930115e+00 2.000000000000000111e-01
7.399999999999999911e-01 1.173739656837529788e+00 2.000000000000000111e-01
7.600000000000000089e-01 1.073076099697891861e+00 2.000000000000000111e-01
7.800000000000000266e-01 1.579072889386227585e+00 2.000000000000000111e-01
8.000000000000000444e-01 1.372004610605364272e+00 2.000000000000000111e-01
8.200000000000000622e-01 1.785135238076485775e+00 2.000000000000000111e-01
8.400000000000000799e-01 1.673903059615372335e+00 2.000000000000000111e-01
8.600000000000000977e-01 1.922819791296743075e+00 2.000000000000000111e-01
8.800000000000001155e-01 1.897697343434880946e+00 2.000000000000000111e-01
9.000000000000001332e-01 2.070404633638390557e+00 2.000000000000000111e-01
9.199999999999999289e-01 2.037635108144164153e+00 2.000000000000000111e-01
9.399999999999999467e-01 2.502978402781166789e+00 2.000000000000000111e-01
9.599999999999999645e-01 2.285324562540723470e+00 2.000000000000000111e-01
9.799999999999999822e-01 2.458390656688940190e+00 2.000000000000000111e-01
1.000000000000000000e+00 2.876630139411251008e+00 2.000000000000000111e-01
